[gd_scene load_steps=4 format=3 uid="uid://ctjox7ag7w7to"]

[ext_resource type="Script" path="res://weapons/x_missle.gd" id="1_0ba5c"]
[ext_resource type="PackedScene" uid="uid://dsi4rbcddxkje" path="res://weapons/x_missle.glb" id="1_be6ad"]

[sub_resource type="CylinderShape3D" id="CylinderShape3D_rsuiv"]
height = 1.59
radius = 0.1

[node name="x_missle" type="RigidBody3D"]
mass = 7.0
gravity_scale = 0.0
max_contacts_reported = 1
contact_monitor = true
script = ExtResource("1_0ba5c")

[node name="x_missle" parent="." instance=ExtResource("1_be6ad")]

[node name="CollisionShape3D" type="CollisionShape3D" parent="."]
transform = Transform3D(1, 0, 0, 0, -4.37114e-08, -1, 0, 1, -4.37114e-08, 0, 0, 0)
shape = SubResource("CylinderShape3D_rsuiv")

[node name="Lifetime" type="Timer" parent="."]
wait_time = 15.0
autostart = true

[node name="Ray" type="RayCast3D" parent="."]
transform = Transform3D(1, 0, 0, 0, 0.993723, 0.111868, 0, -0.111868, 0.993723, 0, 0.11075, -0.323697)
target_position = Vector3(0, 0, -1)

[node name="Ray" type="RayCast3D" parent="Ray"]
transform = Transform3D(0.0525414, -0.992424, -0.111056, 0.992997, 0.0637046, -0.0994858, 0.105807, -0.105051, 0.988822, -0.115049, -0.0938794, 0.00320452)
target_position = Vector3(0, 0, -1)

[node name="Ray2" type="RayCast3D" parent="Ray"]
transform = Transform3D(0.0525414, -0.990227, 0.129187, 0.992997, 0.0380999, -0.111822, 0.105807, 0.134158, 0.985296, 0.115049, -0.105635, -0.000733197)
target_position = Vector3(0, 0, -1)

[node name="Ray2" type="RayCast3D" parent="."]
transform = Transform3D(1, 0, 0, 0, 0.991683, -0.128709, 0, 0.128709, 0.991683, 0, -0.119668, -0.326215)
target_position = Vector3(0, 0, -1)

[connection signal="body_entered" from="." to="." method="_on_Missle_body_entered"]
[connection signal="timeout" from="Lifetime" to="." method="_on_Lifetime_timeout"]
